1010000000010111
1000000000011011
0100000000011011
1010000000011001
0100000000011010
1010000000011001
1000000000011000
1110000000000011
0101000000011011
1011000000011011
0100000000011001
1010000000011010
0100000000011000
1010000000010111
1000000000010110
0100000000010111
1010000000011011
1000000000010110
0100000000011011
1010000000010111
0000000000000011
1110000000000010
0000000000000001
1111111111111011
0000000000001000
0000000000001101
1111000000000000
0000000000101000
1100110011001100
1100110011001100
1100110011001100
1100110011001100
1100110011001100
1100110011001100
1100110011001100
1100110011001100
1100110011001100
1100110011001100
1100110011001100
1100110011001100
1111000000000000
1100110011001100
1100110011001100
1100110011001100
1100110011001100
1100110011001100
1100110011001100
1100110011001100
1100110011001100
1100110011001100
1100110011001100
1100110011001100
1100110011001100
1100110011001100
1100110011001100
1100110011001100
