1110000000000001
0100000000010010
0110000000100011
1100110011001100
1100110011001100
1100110011001100
1100110011001100
1100110011001100
1100110011001100
1100110011001100
1100110011001100
1100110011001100
1100110011001100
1100110011001100
1100110011001100
1100110011001100
1010000000010010
1100110011001100
1111000000000000
1100110011001100
1100110011001100
1100110011001100
1100110011001100
1100110011001100
1100110011001100
1100110011001100
1100110011001100
1100110011001100
1111000000000000
1100110011001100
1100110011001100
1100110011001100
1100110011001100
1100110011001100
0000000000000000
1111111111100100
