1110000000000001
0100000000001010
0010000001000100
1100110011001100
1000000000001010
1100110011001100
1010000001000100
1100110011001100
1110000000000011
1110000000000010
1111000000000000
1100110011001100
1100110011001100
1100110011001100
1100110011001100
1100110011001100
1100110011001100
1100110011001100
1100110011001100
1100110011001100
1100110011001100
1100110011001100
1100110011001100
1100110011001100
1100110011001100
1100110011001100
1100110011001100
1100110011001100
1100110011001100
1100110011001100
1100110011001100
1100110011001100
1100110011001100
1100110011001100
1100110011001100
1100110011001100
1100110011001100
1100110011001100
1100110011001100
1100110011001100
1100110011001100
1100110011001100
1100110011001100
1100110011001100
1100110011001100
1100110011001100
1100110011001100
1100110011001100
1100110011001100
1100110011001100
1100110011001100
1100110011001100
1100110011001100
1100110011001100
1100110011001100
1100110011001100
1100110011001100
1100110011001100
1100110011001100
1100110011001100
1100110011001100
1100110011001100
1100110011001100
1100110011001100
1100110011001100
1100110011001100
1100110011001100
1100110011001100
1111111110110011
