1010000000001100
0100000000100000
1010000000001010
1000000000001011
0100000000001010
1010000000001010
1110000000000011
0000000000000010
1110000000000010
0000000000000010
1111111111111011
0000000000000001
0000000000110000
1100110011001100
1100110011001100
1100110011001100
1100110011001100
1100110011001100
1100110011001100
1100110011001100
1100110011001100
1100110011001100
1100110011001100
1100110011001100
1100110011001100
1100110011001100
1100110011001100
1100110011001100
1100110011001100
1100110011001100
1100110011001100
1100110011001100
1111000000000000
1100110011001100
1100110011001100
1100110011001100
1100110011001100
1100110011001100
1100110011001100
1100110011001100
1100110011001100
1100110011001100
1100110011001100
1100110011001100
1100110011001100
1100110011001100
1100110011001100
1100110011001100
1111000000000000
1100110011001100
1100110011001100
1100110011001100
1100110011001100
1100110011001100
1100110011001100
1100110011001100
1100110011001100
1100110011001100
1100110011001100
1100110011001100
1100110011001100
1100110011001100
1100110011001100
1100110011001100
