Main: Beginning execution
Main: logfile 'xlog3.txt
PASS ONE
Invalid ORG at line: 8
    0                                           *23456789012345678901
    1    0  000000000000 1100 1100 1100 1100 STR    RD        ..... 
    2    1  000000000001 1100 1100 1100 1100        STC   A1  ..... 
    3    2  000000000010 1100 1100 1100 1100 68     AND   B2  ..... 
    4    3  000000000011 1100 1100 1100 1100        BAN   CHK ..... 
    5    4  000000000100 1100 1100 1100 1100        ORG       +0010 
    6   16  000000010000 1100 1100 1100 1100 STR    LD    A1  ..... 
    7   17  000000010001 1100 1100 1100 1100        DIV   90  ..... 
    8   18  000000010010 1100 1100 1100 1100        ORG       -0011 
    9   18  000000010010 1100 1100 1100 1100 A1     DS        +000A * comment
   10   28  000000011100 1100 1100 1100 1100        DS        +0006 * comment
   11   34  000000100010 1100 1100 1100 1100        HEX       +0A0U 
   12   35  000000100011 1100 1100 1100 1100 B2     HEX       -001C * comment

***** ERROR -- NO 'END' STATEMENT

SYMBOL TABLE
    SYM LOC FLAGS
SYM 68    2 INVALID
SYM A1   18
SYM B2   35
SYM STR   0 MULTIPLY

PASS TWO
Symbol not in table at 3
    0                                           *23456789012345678901
    1    0  000000000000 1110 0000 0000 0001 STR    RD        ..... 
    2    1  000000000001 0100 0000 0001 0010        STC   A1  ..... 
    3    2  000000000010 0110 0000 0010 0011 68     AND   B2  ..... 
    4    3  000000000011 1100 1100 1100 1100        BAN   CHK ..... 
    5    4  000000000100 1100 1100 1100 1100        ORG       +0010 
    6   16  000000010000 1010 0000 0001 0010 STR    LD    A1  ..... 
    7   17  000000010001 1100 1100 1100 1100        DIV   90  ..... 
    8   18  000000010010 1100 1100 1100 1100        ORG       -0011 
    9   18  000000010010 1100 1100 1100 1100 A1     DS        +000A * comment
   10   28  000000011100 1100 1100 1100 1100        DS        +0006 * comment
   11   34  000000100010 0000 0000 0000 0000        HEX       +0A0U 
   12   35  000000100011 1111 1111 1110 0100 B2     HEX       -001C * comment

***** ERROR -- NO 'END' STATEMENT

SYMBOL TABLE
    SYM LOC FLAGS
SYM 68    2 INVALID
SYM A1   18
SYM B2   35
SYM STR   0 MULTIPLY

MACHINE CODE
enter PrintMachineCode adotout3.bin
   0 000000000000 1110 0000 0000 0001
   1 000000000001 0100 0000 0001 0010
   2 000000000010 0110 0000 0010 0011
   3 000000000011 1100 1100 1100 1100
   4 000000000100 1100 1100 1100 1100
   5 000000000101 1100 1100 1100 1100
   6 000000000110 1100 1100 1100 1100
   7 000000000111 1100 1100 1100 1100
   8 000000001000 1100 1100 1100 1100
   9 000000001001 1100 1100 1100 1100
  10 000000001010 1100 1100 1100 1100
  11 000000001011 1100 1100 1100 1100
  12 000000001100 1100 1100 1100 1100
  13 000000001101 1100 1100 1100 1100
  14 000000001110 1100 1100 1100 1100
  15 000000001111 1100 1100 1100 1100
  16 000000010000 1010 0000 0001 0010
  17 000000010001 1100 1100 1100 1100
  18 000000010010 1111 0000 0000 0000
  19 000000010011 1100 1100 1100 1100
  20 000000010100 1100 1100 1100 1100
  21 000000010101 1100 1100 1100 1100
  22 000000010110 1100 1100 1100 1100
  23 000000010111 1100 1100 1100 1100
  24 000000011000 1100 1100 1100 1100
  25 000000011001 1100 1100 1100 1100
  26 000000011010 1100 1100 1100 1100
  27 000000011011 1100 1100 1100 1100
  28 000000011100 1111 0000 0000 0000
  29 000000011101 1100 1100 1100 1100
  30 000000011110 1100 1100 1100 1100
  31 000000011111 1100 1100 1100 1100
  32 000000100000 1100 1100 1100 1100
  33 000000100001 1100 1100 1100 1100
  34 000000100010 0000 0000 0000 0000
  35 000000100011 1111 1111 1110 0100

Main: Ending execution
