Main: Beginning execution
Main: logfile 'xlog2.txt
PASS ONE
    0                                           *23456789012345678901
    1    0  000000000000 1100 1100 1100 1100 AU     RD        ..... 
    2    1  000000000001 1100 1100 1100 1100        STC   M1  ..... 
    3    2  000000000010 1100 1100 1100 1100        SUB   CHK ..... 
    4    3  000000000011 1100 1100 1100 1100        BAN   A1  ..... 
    5    4  000000000100 1100 1100 1100 1100 12A    ADD   M1  ..... 
    6    5  000000000101 1100 1100 1100 1100 LP     STC   M2  ..... 
    7    6  000000000110 1100 1100 1100 1100        LD    CHK ..... 
    8    7  000000000111 1100 1100 1100 1100 LP     OR    M1  ..... 
    9    8  000000001000 1100 1100 1100 1100        WRT       ..... 
   10    9  000000001001 1100 1100 1100 1100        STP       ..... 
   11   10  000000001010 1100 1100 1100 1100 M1     DS        +0003 * comment
   12   13  000000001101 1100 1100 1100 1100        ORG       +0044 * comment
   13   68  000001000100 1100 1100 1100 1100 CHK    HEX       -004D * comment
   14   69  000001000101 1100 1100 1100 1100        END       ..... 

SYMBOL TABLE
    SYM LOC FLAGS
SYM 12A   4 INVALID
SYM AU    0
SYM CHK  68
SYM LP    5 MULTIPLY
SYM M1   10

PASS TWO
Symbol not in table at 3
Symbol not in table at 5
    0                                           *23456789012345678901
    1    0  000000000000 1110 0000 0000 0001 AU     RD        ..... 
    2    1  000000000001 0100 0000 0000 1010        STC   M1  ..... 
    3    2  000000000010 0010 0000 0100 0100        SUB   CHK ..... 
    4    3  000000000011 1100 1100 1100 1100        BAN   A1  ..... 
    5    4  000000000100 1000 0000 0000 1010 12A    ADD   M1  ..... 
    6    5  000000000101 1100 1100 1100 1100 LP     STC   M2  ..... 
    7    6  000000000110 1010 0000 0100 0100        LD    CHK ..... 
    8    7  000000000111 1100 1100 1100 1100 LP     OR    M1  ..... 
    9    8  000000001000 1110 0000 0000 0011        WRT       ..... 
   10    9  000000001001 1110 0000 0000 0010        STP       ..... 
   11   10  000000001010 1100 1100 1100 1100 M1     DS        +0003 * comment
   12   13  000000001101 1100 1100 1100 1100        ORG       +0044 * comment
   13   68  000001000100 1111 1111 1011 0011 CHK    HEX       -004D * comment
   14   69  000001000101 0000 0000 1111 0000        END       ..... 

SYMBOL TABLE
    SYM LOC FLAGS
SYM 12A   4 INVALID
SYM AU    0
SYM CHK  68
SYM LP    5 MULTIPLY
SYM M1   10

MACHINE CODE
enter PrintMachineCode adotout2.bin
   0 000000000000 1110 0000 0000 0001
   1 000000000001 0100 0000 0000 1010
   2 000000000010 0010 0000 0100 0100
   3 000000000011 1100 1100 1100 1100
   4 000000000100 1000 0000 0000 1010
   5 000000000101 1100 1100 1100 1100
   6 000000000110 1010 0000 0100 0100
   7 000000000111 1100 1100 1100 1100
   8 000000001000 1110 0000 0000 0011
   9 000000001001 1110 0000 0000 0010
  10 000000001010 1111 0000 0000 0000
  11 000000001011 1100 1100 1100 1100
  12 000000001100 1100 1100 1100 1100
  13 000000001101 1100 1100 1100 1100
  14 000000001110 1100 1100 1100 1100
  15 000000001111 1100 1100 1100 1100
  16 000000010000 1100 1100 1100 1100
  17 000000010001 1100 1100 1100 1100
  18 000000010010 1100 1100 1100 1100
  19 000000010011 1100 1100 1100 1100
  20 000000010100 1100 1100 1100 1100
  21 000000010101 1100 1100 1100 1100
  22 000000010110 1100 1100 1100 1100
  23 000000010111 1100 1100 1100 1100
  24 000000011000 1100 1100 1100 1100
  25 000000011001 1100 1100 1100 1100
  26 000000011010 1100 1100 1100 1100
  27 000000011011 1100 1100 1100 1100
  28 000000011100 1100 1100 1100 1100
  29 000000011101 1100 1100 1100 1100
  30 000000011110 1100 1100 1100 1100
  31 000000011111 1100 1100 1100 1100
  32 000000100000 1100 1100 1100 1100
  33 000000100001 1100 1100 1100 1100
  34 000000100010 1100 1100 1100 1100
  35 000000100011 1100 1100 1100 1100
  36 000000100100 1100 1100 1100 1100
  37 000000100101 1100 1100 1100 1100
  38 000000100110 1100 1100 1100 1100
  39 000000100111 1100 1100 1100 1100
  40 000000101000 1100 1100 1100 1100
  41 000000101001 1100 1100 1100 1100
  42 000000101010 1100 1100 1100 1100
  43 000000101011 1100 1100 1100 1100
  44 000000101100 1100 1100 1100 1100
  45 000000101101 1100 1100 1100 1100
  46 000000101110 1100 1100 1100 1100
  47 000000101111 1100 1100 1100 1100
  48 000000110000 1100 1100 1100 1100
  49 000000110001 1100 1100 1100 1100
  50 000000110010 1100 1100 1100 1100
  51 000000110011 1100 1100 1100 1100
  52 000000110100 1100 1100 1100 1100
  53 000000110101 1100 1100 1100 1100
  54 000000110110 1100 1100 1100 1100
  55 000000110111 1100 1100 1100 1100
  56 000000111000 1100 1100 1100 1100
  57 000000111001 1100 1100 1100 1100
  58 000000111010 1100 1100 1100 1100
  59 000000111011 1100 1100 1100 1100
  60 000000111100 1100 1100 1100 1100
  61 000000111101 1100 1100 1100 1100
  62 000000111110 1100 1100 1100 1100
  63 000000111111 1100 1100 1100 1100
  64 000001000000 1100 1100 1100 1100
  65 000001000001 1100 1100 1100 1100
  66 000001000010 1100 1100 1100 1100
  67 000001000011 1100 1100 1100 1100
  68 000001000100 1111 1111 1011 0011

Main: Ending execution
