Main: Beginning execution
Main: logfile 'xlog6.txt
PASS ONE
    0    0  000000000000 1100 1100 1100 1100 BEG    LD    XX        
    1    1  000000000001 1100 1100 1100 1100        STC   AAA       
    2    2  000000000010 1100 1100 1100 1100 LUP    LD    N2        
    3    3  000000000011 1100 1100 1100 1100        ADD   N3        
    4    4  000000000100 1100 1100 1100 1100        STC   N2        
    5    5  000000000101 1100 1100 1100 1100        LD    N2        
    6    6  000000000110 1100 1100 1100 1100        WRT             
    7    7  000000000111 1100 1100 1100 1100        BAN   LUP       
    8    8  000000001000 1100 1100 1100 1100        STP             
    9    9  000000001001 1100 1100 1100 1100 N1     HEX       +0002 
   10   10  000000001010 1100 1100 1100 1100 N2     HEX       -0005 
   11   11  000000001011 1100 1100 1100 1100 N3     HEX       +0001 
   12   12  000000001100 1100 1100 1100 1100 XX     HEX       +0030 
   13   13  000000001101 1100 1100 1100 1100        ORG       +0020 
   14   32  000000100000 1100 1100 1100 1100 AAA    DS        +0001 
   15   33  000000100001 1100 1100 1100 1100        ORG       +0030 
   16   48  000000110000 1100 1100 1100 1100 MEM    DS        +0010 
   17   64  000001000000 1100 1100 1100 1100        END             

SYMBOL TABLE
    SYM LOC FLAGS
SYM AAA  32
SYM BEG   0
SYM LUP   2
SYM MEM  48
SYM N1    9
SYM N2   10
SYM N3   11
SYM XX   12

PASS TWO
    0    0  000000000000 1010 0000 0000 1100 BEG    LD    XX        
    1    1  000000000001 0100 0000 0010 0000        STC   AAA       
    2    2  000000000010 1010 0000 0000 1010 LUP    LD    N2        
    3    3  000000000011 1000 0000 0000 1011        ADD   N3        
    4    4  000000000100 0100 0000 0000 1010        STC   N2        
    5    5  000000000101 1010 0000 0000 1010        LD    N2        
    6    6  000000000110 1110 0000 0000 0011        WRT             
    7    7  000000000111 0000 0000 0000 0010        BAN   LUP       
    8    8  000000001000 1110 0000 0000 0010        STP             
    9    9  000000001001 1100 1100 1100 1100 N1     HEX       +0002 
   10   10  000000001010 1100 1100 1100 1100 N2     HEX       -0005 
   11   11  000000001011 1100 1100 1100 1100 N3     HEX       +0001 
   12   12  000000001100 1100 1100 1100 1100 XX     HEX       +0030 
   13   13  000000001101 1100 1100 1100 1100        ORG       +0020 
   14   32  000000100000 1100 1100 1100 1100 AAA    DS        +0001 
   15   33  000000100001 1100 1100 1100 1100        ORG       +0030 
   16   48  000000110000 1100 1100 1100 1100 MEM    DS        +0010 
   17   64  000001000000 1100 1100 1100 1100        END             

SYMBOL TABLE
    SYM LOC FLAGS
SYM AAA  32
SYM BEG   0
SYM LUP   2
SYM MEM  48
SYM N1    9
SYM N2   10
SYM N3   11
SYM XX   12

Main: Ending execution
